#rname	startpos	endpos	numreads	covbases	coverage	meandepth	meanbaseq	meanmapq
NC_092310.1	1	59034463	113	13233	0.0224157	0.00028712	39.6	30.6
NC_092311.1	1	57716770	89	11719	0.0203043	0.000231285	39.5	34.3
NC_092312.1	1	76906396	104	13238	0.0172131	0.000202844	39.6	43.9
NC_092313.1	1	77301657	132	16204	0.020962	0.000256139	39.3	39.4
NC_092314.1	1	44587295	61	8303	0.0186219	0.000205126	39.1	36.9
NC_092315.1	1	49228674	68	8868	0.0180139	0.000207176	39.7	37.7
NC_092316.1	1	52323663	87	11621	0.0222098	0.000249409	39.6	34.9
NC_092317.1	1	48754064	2252	8288	0.0169996	0.00692861	36.6	2
NC_092318.1	1	55030746	75	10168	0.0184769	0.000204431	39.6	31.8
NC_092319.1	1	49172495	80	10242	0.0208287	0.000244039	39.3	40.3
NC_092320.1	1	63716479	122	15635	0.0245384	0.000287163	39.5	32.5
NC_092321.1	1	63214365	90	11410	0.0180497	0.000213559	39.5	42.2
NC_092322.1	1	40515400	101	13445	0.0331849	0.000373932	39.4	31
NC_092323.1	1	50646195	207	27857	0.0550031	0.000613057	39.3	17.9
NC_092324.1	1	53737150	79	10300	0.0191674	0.000220499	39.5	30
NC_092325.1	1	46623164	63	8434	0.0180897	0.000202689	39.7	39
NC_092326.1	1	44254144	60	7558	0.0170786	0.000203371	39.4	34.7
NC_092327.1	1	41449412	63	8221	0.0198338	0.000227941	38.9	34.4
NC_092328.1	1	48872521	84	10668	0.0218282	0.000257814	39.6	37.8
NC_092329.1	1	54177763	79	10367	0.0191352	0.000218706	39.4	34.7
NC_092330.1	1	45802622	52	6513	0.0142197	0.000170296	39.7	32.2
NC_092331.1	1	62661540	432	53832	0.0859092	0.0010339	39.2	6.16
NW_027266163.1	1	83150	2	300	0.360794	0.00360794	38.9	0
NW_027266164.1	1	86285	2	300	0.347685	0.00347685	39.9	33
NW_027266169.1	1	51748	1	150	0.289866	0.00289866	40	0
NW_027266170.1	1	6834	2	167	2.44366	0.0438982	39.8	0
NW_027266172.1	1	81056	2	300	0.370114	0.00370114	39	0
NW_027266174.1	1	25189	6	762	3.02513	0.0357299	38.9	0
NW_027266175.1	1	51392	4	504	0.980697	0.011675	39.8	0
NW_027266186.1	1	92025	2	257	0.279272	0.00325998	39.9	0
NW_027266189.1	1	35175	3	426	1.21109	0.0127932	40	0
NW_027266192.1	1	36459	2	300	0.822842	0.00822842	39.8	0
NW_027266216.1	1	36710	2	284	0.773631	0.00817216	40	0
NW_027266220.1	1	21154	4	542	2.56216	0.0283634	39.9	0
NW_027266225.1	1	18336	3	427	2.32875	0.0245419	38.9	0
NW_027266233.1	1	17172	2	268	1.56068	0.0174703	39.8	0
NW_027266244.1	1	18285	2	205	1.12114	0.0164069	40	0
NW_027266258.1	1	11300	1	150	1.32743	0.0132743	37.8	0
NW_027266262.1	1	6868091	203	25127	0.365851	0.00443267	39.1	1.79
NC_008535.1	1	155189	68	8395	5.40953	0.0657263	39.5	18.7
NW_027266152.1	1	27834	0	0	0	0	0	0
NW_027266153.1	1	85510	0	0	0	0	0	0
NW_027266154.1	1	11286	0	0	0	0	0	0
NW_027266155.1	1	165930	0	0	0	0	0	0
NW_027266156.1	1	72139	0	0	0	0	0	0
NW_027266157.1	1	88571	0	0	0	0	0	0
NW_027266158.1	1	85180	0	0	0	0	0	0
NW_027266159.1	1	83483	0	0	0	0	0	0
NW_027266160.1	1	106409	0	0	0	0	0	0
NW_027266161.1	1	59250	0	0	0	0	0	0
NW_027266162.1	1	160555	0	0	0	0	0	0
NW_027266165.1	1	81071	0	0	0	0	0	0
NW_027266166.1	1	10235	0	0	0	0	0	0
NW_027266167.1	1	84827	0	0	0	0	0	0
NW_027266168.1	1	20037	0	0	0	0	0	0
NW_027266171.1	1	137395	0	0	0	0	0	0
NW_027266173.1	1	88264	0	0	0	0	0	0
NW_027266176.1	1	114993	0	0	0	0	0	0
NW_027266177.1	1	25971	0	0	0	0	0	0
NW_027266178.1	1	82386	0	0	0	0	0	0
NW_027266179.1	1	149956	0	0	0	0	0	0
NW_027266180.1	1	98811	0	0	0	0	0	0
NW_027266181.1	1	34951	0	0	0	0	0	0
NW_027266182.1	1	18777	0	0	0	0	0	0
NW_027266183.1	1	97437	0	0	0	0	0	0
NW_027266184.1	1	50892	0	0	0	0	0	0
NW_027266185.1	1	45501	0	0	0	0	0	0
NW_027266187.1	1	101479	0	0	0	0	0	0
NW_027266188.1	1	170650	0	0	0	0	0	0
NW_027266190.1	1	56500	0	0	0	0	0	0
NW_027266191.1	1	23128	0	0	0	0	0	0
NW_027266193.1	1	54609	0	0	0	0	0	0
NW_027266194.1	1	21013	0	0	0	0	0	0
NW_027266195.1	1	65727	0	0	0	0	0	0
NW_027266196.1	1	26852	0	0	0	0	0	0
NW_027266197.1	1	32264	0	0	0	0	0	0
NW_027266198.1	1	14337	0	0	0	0	0	0
NW_027266199.1	1	67567	0	0	0	0	0	0
NW_027266200.1	1	160454	0	0	0	0	0	0
NW_027266201.1	1	84315	0	0	0	0	0	0
NW_027266202.1	1	67244	0	0	0	0	0	0
NW_027266203.1	1	25458	0	0	0	0	0	0
NW_027266204.1	1	39518	0	0	0	0	0	0
NW_027266205.1	1	50354	0	0	0	0	0	0
NW_027266206.1	1	38848	0	0	0	0	0	0
NW_027266207.1	1	95218	0	0	0	0	0	0
NW_027266208.1	1	68090	0	0	0	0	0	0
NW_027266209.1	1	135785	0	0	0	0	0	0
NW_027266210.1	1	51633	0	0	0	0	0	0
NW_027266211.1	1	19557	0	0	0	0	0	0
NW_027266212.1	1	71401	0	0	0	0	0	0
NW_027266213.1	1	69457	0	0	0	0	0	0
NW_027266214.1	1	24638	0	0	0	0	0	0
NW_027266215.1	1	6964	0	0	0	0	0	0
NW_027266217.1	1	18858	0	0	0	0	0	0
NW_027266218.1	1	24221	0	0	0	0	0	0
NW_027266219.1	1	12882	0	0	0	0	0	0
NW_027266221.1	1	64073	0	0	0	0	0	0
NW_027266222.1	1	51569	0	0	0	0	0	0
NW_027266223.1	1	23531	0	0	0	0	0	0
NW_027266224.1	1	48698	0	0	0	0	0	0
NW_027266226.1	1	68777	0	0	0	0	0	0
NW_027266227.1	1	18692	0	0	0	0	0	0
NW_027266228.1	1	7556	0	0	0	0	0	0
NW_027266229.1	1	8604	0	0	0	0	0	0
NW_027266230.1	1	77378	0	0	0	0	0	0
NW_027266231.1	1	36398	0	0	0	0	0	0
NW_027266232.1	1	17465	0	0	0	0	0	0
NW_027266234.1	1	62221	0	0	0	0	0	0
NW_027266235.1	1	19583	0	0	0	0	0	0
NW_027266236.1	1	12334	0	0	0	0	0	0
NW_027266237.1	1	29992	0	0	0	0	0	0
NW_027266238.1	1	29413	0	0	0	0	0	0
NW_027266239.1	1	43474	0	0	0	0	0	0
NW_027266240.1	1	20665	0	0	0	0	0	0
NW_027266241.1	1	25916	0	0	0	0	0	0
NW_027266242.1	1	16735	0	0	0	0	0	0
NW_027266243.1	1	35727	0	0	0	0	0	0
NW_027266245.1	1	40427	0	0	0	0	0	0
NW_027266246.1	1	60304	0	0	0	0	0	0
NW_027266247.1	1	12746	0	0	0	0	0	0
NW_027266248.1	1	20808	0	0	0	0	0	0
NW_027266249.1	1	9122	0	0	0	0	0	0
NW_027266250.1	1	8768	0	0	0	0	0	0
NW_027266251.1	1	9360	0	0	0	0	0	0
NW_027266252.1	1	31503	0	0	0	0	0	0
NW_027266253.1	1	41413	0	0	0	0	0	0
NW_027266254.1	1	17512	0	0	0	0	0	0
NW_027266255.1	1	17800	0	0	0	0	0	0
NW_027266256.1	1	8647	0	0	0	0	0	0
NW_027266257.1	1	19051	0	0	0	0	0	0
NW_027266259.1	1	40430	0	0	0	0	0	0
NW_027266260.1	1	9552	0	0	0	0	0	0
NW_027266261.1	1	12784	0	0	0	0	0	0
