#rname	startpos	endpos	numreads	covbases	coverage	meandepth	meanbaseq	meanmapq
NC_092310.1	1	59034463	14	1577	0.00267132	3.55724e-05	39.4	20.4
NC_092311.1	1	57716770	24	3215	0.0055703	6.23736e-05	39	20
NC_092312.1	1	76906396	23	2906	0.00377862	4.48467e-05	39.5	40
NC_092313.1	1	77301657	27	3185	0.00412022	5.23921e-05	37.5	23.3
NC_092314.1	1	44587295	6	900	0.00201851	2.01851e-05	39.6	23.7
NC_092315.1	1	49228674	3	442	0.000897851	9.1207e-06	33.7	40
NC_092316.1	1	52323663	8	992	0.00189589	2.29342e-05	39.4	30
NC_092317.1	1	48754064	1829	3029	0.00621282	0.00562712	36.6	1.22
NC_092318.1	1	55030746	16	2154	0.00391418	4.3612e-05	39.9	11.6
NC_092319.1	1	49172495	14	1538	0.00312776	4.27068e-05	39.8	51.4
NC_092320.1	1	63716479	26	3699	0.00580541	6.1193e-05	39.3	9.23
NC_092321.1	1	63214365	13	1616	0.00255638	3.08474e-05	39.7	30.6
NC_092322.1	1	40515400	27	3334	0.00822897	9.9962e-05	39.7	13.1
NC_092323.1	1	50646195	79	10414	0.0205623	0.000233937	38.7	5.39
NC_092324.1	1	53737150	13	1700	0.00316355	3.62877e-05	39.8	46.4
NC_092325.1	1	46623164	7	929	0.00199257	2.2521e-05	40	34.3
NC_092326.1	1	44254144	13	1313	0.00296695	4.40637e-05	39.9	15.5
NC_092327.1	1	41449412	12	1398	0.00337279	4.34264e-05	39.1	36.2
NC_092328.1	1	48872521	20	2732	0.00559005	6.13637e-05	39.7	36.5
NC_092329.1	1	54177763	15	1732	0.00319688	4.1493e-05	39.1	26.5
NC_092330.1	1	45802622	9	1127	0.00246056	2.94743e-05	39.2	26.7
NC_092331.1	1	62661540	197	23605	0.0376706	0.000471501	38.8	7.38
NW_027266172.1	1	81056	1	150	0.185057	0.00185057	39.9	0
NW_027266204.1	1	39518	2	171	0.432714	0.00759148	39.8	0
NW_027266216.1	1	36710	2	184	0.501226	0.00817216	39.9	0
NW_027266232.1	1	17465	2	267	1.52877	0.0171772	39.9	0
NW_027266256.1	1	8647	1	150	1.73471	0.0173471	40	0
NW_027266262.1	1	6868091	82	11487	0.167252	0.00178987	38.3	0
NC_008535.1	1	155189	27	3659	2.35777	0.0260972	39.6	11.3
NW_027266152.1	1	27834	0	0	0	0	0	0
NW_027266153.1	1	85510	0	0	0	0	0	0
NW_027266154.1	1	11286	0	0	0	0	0	0
NW_027266155.1	1	165930	0	0	0	0	0	0
NW_027266156.1	1	72139	0	0	0	0	0	0
NW_027266157.1	1	88571	0	0	0	0	0	0
NW_027266158.1	1	85180	0	0	0	0	0	0
NW_027266159.1	1	83483	0	0	0	0	0	0
NW_027266160.1	1	106409	0	0	0	0	0	0
NW_027266161.1	1	59250	0	0	0	0	0	0
NW_027266162.1	1	160555	0	0	0	0	0	0
NW_027266163.1	1	83150	0	0	0	0	0	0
NW_027266164.1	1	86285	0	0	0	0	0	0
NW_027266165.1	1	81071	0	0	0	0	0	0
NW_027266166.1	1	10235	0	0	0	0	0	0
NW_027266167.1	1	84827	0	0	0	0	0	0
NW_027266168.1	1	20037	0	0	0	0	0	0
NW_027266169.1	1	51748	0	0	0	0	0	0
NW_027266170.1	1	6834	0	0	0	0	0	0
NW_027266171.1	1	137395	0	0	0	0	0	0
NW_027266173.1	1	88264	0	0	0	0	0	0
NW_027266174.1	1	25189	0	0	0	0	0	0
NW_027266175.1	1	51392	0	0	0	0	0	0
NW_027266176.1	1	114993	0	0	0	0	0	0
NW_027266177.1	1	25971	0	0	0	0	0	0
NW_027266178.1	1	82386	0	0	0	0	0	0
NW_027266179.1	1	149956	0	0	0	0	0	0
NW_027266180.1	1	98811	0	0	0	0	0	0
NW_027266181.1	1	34951	0	0	0	0	0	0
NW_027266182.1	1	18777	0	0	0	0	0	0
NW_027266183.1	1	97437	0	0	0	0	0	0
NW_027266184.1	1	50892	0	0	0	0	0	0
NW_027266185.1	1	45501	0	0	0	0	0	0
NW_027266186.1	1	92025	0	0	0	0	0	0
NW_027266187.1	1	101479	0	0	0	0	0	0
NW_027266188.1	1	170650	0	0	0	0	0	0
NW_027266189.1	1	35175	0	0	0	0	0	0
NW_027266190.1	1	56500	0	0	0	0	0	0
NW_027266191.1	1	23128	0	0	0	0	0	0
NW_027266192.1	1	36459	0	0	0	0	0	0
NW_027266193.1	1	54609	0	0	0	0	0	0
NW_027266194.1	1	21013	0	0	0	0	0	0
NW_027266195.1	1	65727	0	0	0	0	0	0
NW_027266196.1	1	26852	0	0	0	0	0	0
NW_027266197.1	1	32264	0	0	0	0	0	0
NW_027266198.1	1	14337	0	0	0	0	0	0
NW_027266199.1	1	67567	0	0	0	0	0	0
NW_027266200.1	1	160454	0	0	0	0	0	0
NW_027266201.1	1	84315	0	0	0	0	0	0
NW_027266202.1	1	67244	0	0	0	0	0	0
NW_027266203.1	1	25458	0	0	0	0	0	0
NW_027266205.1	1	50354	0	0	0	0	0	0
NW_027266206.1	1	38848	0	0	0	0	0	0
NW_027266207.1	1	95218	0	0	0	0	0	0
NW_027266208.1	1	68090	0	0	0	0	0	0
NW_027266209.1	1	135785	0	0	0	0	0	0
NW_027266210.1	1	51633	0	0	0	0	0	0
NW_027266211.1	1	19557	0	0	0	0	0	0
NW_027266212.1	1	71401	0	0	0	0	0	0
NW_027266213.1	1	69457	0	0	0	0	0	0
NW_027266214.1	1	24638	0	0	0	0	0	0
NW_027266215.1	1	6964	0	0	0	0	0	0
NW_027266217.1	1	18858	0	0	0	0	0	0
NW_027266218.1	1	24221	0	0	0	0	0	0
NW_027266219.1	1	12882	0	0	0	0	0	0
NW_027266220.1	1	21154	0	0	0	0	0	0
NW_027266221.1	1	64073	0	0	0	0	0	0
NW_027266222.1	1	51569	0	0	0	0	0	0
NW_027266223.1	1	23531	0	0	0	0	0	0
NW_027266224.1	1	48698	0	0	0	0	0	0
NW_027266225.1	1	18336	0	0	0	0	0	0
NW_027266226.1	1	68777	0	0	0	0	0	0
NW_027266227.1	1	18692	0	0	0	0	0	0
NW_027266228.1	1	7556	0	0	0	0	0	0
NW_027266229.1	1	8604	0	0	0	0	0	0
NW_027266230.1	1	77378	0	0	0	0	0	0
NW_027266231.1	1	36398	0	0	0	0	0	0
NW_027266233.1	1	17172	0	0	0	0	0	0
NW_027266234.1	1	62221	0	0	0	0	0	0
NW_027266235.1	1	19583	0	0	0	0	0	0
NW_027266236.1	1	12334	0	0	0	0	0	0
NW_027266237.1	1	29992	0	0	0	0	0	0
NW_027266238.1	1	29413	0	0	0	0	0	0
NW_027266239.1	1	43474	0	0	0	0	0	0
NW_027266240.1	1	20665	0	0	0	0	0	0
NW_027266241.1	1	25916	0	0	0	0	0	0
NW_027266242.1	1	16735	0	0	0	0	0	0
NW_027266243.1	1	35727	0	0	0	0	0	0
NW_027266244.1	1	18285	0	0	0	0	0	0
NW_027266245.1	1	40427	0	0	0	0	0	0
NW_027266246.1	1	60304	0	0	0	0	0	0
NW_027266247.1	1	12746	0	0	0	0	0	0
NW_027266248.1	1	20808	0	0	0	0	0	0
NW_027266249.1	1	9122	0	0	0	0	0	0
NW_027266250.1	1	8768	0	0	0	0	0	0
NW_027266251.1	1	9360	0	0	0	0	0	0
NW_027266252.1	1	31503	0	0	0	0	0	0
NW_027266253.1	1	41413	0	0	0	0	0	0
NW_027266254.1	1	17512	0	0	0	0	0	0
NW_027266255.1	1	17800	0	0	0	0	0	0
NW_027266257.1	1	19051	0	0	0	0	0	0
NW_027266258.1	1	11300	0	0	0	0	0	0
NW_027266259.1	1	40430	0	0	0	0	0	0
NW_027266260.1	1	9552	0	0	0	0	0	0
NW_027266261.1	1	12784	0	0	0	0	0	0
